  0.852548279426883     
 -0.514669667562433     
  -1.96311907334121     
  0.598784326885305     
 -0.102690985009926     
  0.517385153299192     
  -1.02842427441211     
   2.54234558382708     
 -0.834783610505513     
   1.07592705028794     
  0.210223850109752     
 -0.110188799412228     
 -0.135161353026504     
  2.582569948544047E-002
  -1.92471977611567     
  2.666539873684504E-002
 -0.370414784161993     
 -0.126412401376699     
  5.107628807655351E-002
 -0.801757415955753     
  0.912326714720577     
  0.808629851120177     
  -2.75050924985126     
  -1.56015332370502     
 -0.639641122673325     
  9.681835096106262E-003
  0.957025295725361     
  0.944490925946273     
  0.316689247524602     
 -0.270701719540351     
 -0.665537236174221     
  0.582348052482091     
  0.244860152021470     
   1.89890228555371     
  -1.63127054886694     
  -1.32626575958904     
   1.11560357901651     
   3.53220859955048     
   4.81266023567650     
   2.89213353495744     
  0.837601897655842     
 -0.572603156222424     
  -3.72955031848109     
  -1.18410920600623     
 -4.424620378133204E-002
 -0.898670495278129     
 -0.871571260851200     
  0.525572705600537     
   1.02281820745019     
 -0.697375061825296     
  0.230155976809385     
 -0.305110758562059     
  0.572565579640492     
  0.526640500226224     
   1.27064037200992     
  -2.40159280876796     
   1.32073385866289     
 -0.143602067309598     
  0.600432980877544     
 -0.635398796500219     
   1.06404840375413     
 -0.965855473785978     
  0.986366512836868     
   1.17536384189470     
   1.38969138539512     
  0.636527886240311     
  0.678795495132773     
 -0.832585097194503     
  -1.14161606154473     
 -0.618392153783060     
  -1.62033330861169     
  0.199390992712315     
 -0.130512678480132     
  0.117733815317042     
  0.509817549673801     
  0.811444951932322     
   4.16497626821690     
  6.691575688950391E-002
  6.376454699844347E-002
  -1.23211906845294     
  0.593656899405830     
  -1.08249481560146     
  -1.78092182789872     
 -7.136266468858699E-002
  -4.15385808455535     
 -0.151273479376682     
 -0.871331274675768     
 -0.376411754276827     
  -1.94593434801422     
  -1.03142669946520     
  0.230257250304195     
  0.747657545984937     
   2.56075908610853     
 -0.234832394627766     
   1.44135763530637     
   1.78779940115310     
  -1.42141765664887     
 -0.701895447033905     
   1.81113814260536     
 -6.600713153533119E-002
 -6.609502333018344E-002
  0.452454737929328     
  -5.89208245607363     
  -1.73542812298567     
 -0.402877893750440     
 -0.181951265272906     
 -0.377397867203026     
  0.156537404428488     
   2.04191261470771     
   1.03554815245677     
  0.832232102694662     
  0.327353023416157     
  -1.23773211375667     
   1.03477481332801     
 -0.334390172154866     
 -2.672823157164939E-003
  0.936651488809112     
  -2.99795288248856     
  0.112050873796888     
 -0.476426744136267     
   2.93401285889434     
   2.00688894881630     
 -0.174421304211791     
  0.473681012479618     
  -2.23015907718913     
  1.666883950725800E-002
   1.44438619637252     
   2.31048795862061     
 -0.951272551037046     
 -0.876913877067596     
  -1.55247772076343     
 -0.263461127104800     
  0.230612470682400     
  -3.20470110421807     
 -0.733279651849742     
  0.473253404214888     
  1.773295651307463E-002
  0.378896370629523     
 -0.843241350936672     
   1.11103260726939     
  0.596489484737782     
   1.94966515395291     
  -1.32554252391896     
 -0.436786308248914     
  0.778587092750078     
   2.04820699901083     
 -0.768219553434097     
  0.738871834601318     
 -0.732319583789229     
  -1.31898646390388     
 -0.655753050768503     
  0.859912363665614     
 -1.245188928593804E-002
   1.44464646191952     
  -1.69280862005429     
 -0.779867827964368     
 -0.281047831444142     
   1.23777338229812     
  -3.38779317190741     
  -3.48673148453238     
  -1.25138535391349     
  -1.67750395625611     
  0.565927374899177     
  -1.26415239791909     
   2.42319789791797     
  0.426686918941395     
  -1.51626892868828     
  0.356838104758897     
  0.671011442538455     
   1.23435461010022     
 -0.160854699062266     
  0.217352852758705     
   2.44356752872099     
   1.20106778435586     
  -1.32711248036390     
   4.06005710804058     
  -2.15781431144821     
  -2.82918491979679     
 -0.421644877407746     
  0.276568244176406     
  0.626319114540967     
  0.194153655388546     
  -2.86471039648227     
   1.78951450611406     
   3.24773059002845     
  0.150393758432667     
  -1.54912115639571     
   1.20767849868054     
   1.17857122754829     
  0.904057033672421     
  0.877177116336385     
 -4.389332703622162E-002
 -8.364064144262390E-002
  0.782822631191463     
 -1.889056918712800E-003
  0.636495108590787     
  8.607340079402639E-002
  0.729376787797192     
  -2.51946281089615     
  6.449704090436104E-003
