  0.000000000000000E+000
  -2.04947506366095     
  -2.04947506368249     
  -2.04947506358049     
  0.835619711902254     
   1.20209240171149     
  0.835619711913997     
   1.20209240166575     
 -0.445753987627801     
 -0.474070389532131     
   1.20209240169905     
  0.835619711923324     
 -0.499167352007634     
  0.835619711920840     
   1.20209240166973     
 -0.499167352012165     
 -0.632573071626663     
 -0.445753987635398     
 -0.474070389539318     
 -0.511828511422744     
 -0.511828511433173     
  0.239555510595473     
  0.311758685463488     
  0.239555510599223     
  0.311758685467580     
   1.20209240170968     
  0.835619711870939     
 -0.499167352007196     
 -0.632573071642394     
 -0.499167351992466     
  0.266951756377856     
   1.20209240171079     
  0.835619711881990     
 -0.632573071644974     
 -0.499167351994448     
 -0.499167352010867     
  0.266951756380022     
 -0.445753987612824     
 -0.474070389526523     
 -0.511828511432628     
 -0.511828511409647     
  0.239555510596922     
  0.311758685467241     
  0.266951756379967     
  0.266951756371971     
 -0.121791789142412     
 -0.168993360993565     
  0.239555510587754     
  0.311758685462709     
 -0.511828511431989     
 -0.511828511416500     
  0.266951756380356     
  0.266951756373724     
  0.239555510598727     
 -0.121791789143689     
  0.311758685466007     
 -0.168993360992721     
  0.239555510589521     
 -0.121791789138948     
  0.311758685463493     
 -0.168993360992616     
   194.337000280103     
   5.60165407913480     
  -1.47435026078493     
  -1.47435026077016     
  -24.1743897426606     
  -9.58114036343926     
  -82.4336310061292     
 -0.365540189489900     
 -7.533149635445124E-002
   4.77944070823182     
   3.46663456611174     
  -4.36869700824244     
   1.56051567830786     
  -24.1743897430145     
  -82.4336310063874     
  -9.58114036251511     
 -0.365540189494681     
 -7.533149635872716E-002
   4.14174690900112     
   4.14174690909896     
   41.0690115520314     
  0.308741395983455     
   4.77944070831440     
   3.46663456573389     
  -4.36869700823032     
   1.56051567829356     
  0.308741395978560     
   14.4339712987098     
   14.4339712988404     
   28.8813121524510     
 -0.486987061231382     
  -2.96086988872564     
  -2.96086988873743     
   3.99258804638823     
  -3.38581894263143     
   1.72897545191863     
   1.72897545189656     
   1.64777754155651     
  -1.29240031413500     
   1.64777754155062     
  -1.29240031412613     
  -1.44583479634968     
  8.994711019234414E-002
  -9.58114036335162     
  -24.1743897427300     
  -82.4336310061307     
  -2.96090297250800     
  0.863976819477439     
   5.86522498351451     
   5.86522498350127     
   3.93559722766368     
   8.00780879775608     
   34.5491882972219     
  0.505838007292848     
  -2.36267681646339     
 -0.877400105717181     
   2.11762651438044     
  -2.21813762202867     
   1.78516628829788     
  -1.00527128139069     
  -1.02587325554365     
   3.46663456612797     
   4.77944070822486     
 -0.634074533241901     
  -1.47435026075765     
   5.60165407912607     
  -1.47435026077333     
  0.863976819475005     
  -2.96090297250380     
  0.429134442365066     
  0.910077414295164     
  0.290972220028840     
 -0.849697943872238     
 -7.533149636983827E-002
 -0.365540189492414     
  0.279909643103331     
   1.56051567830132     
  -4.36869700822890     
 -0.711991113017463     
  -82.4336310062272     
  -24.1743897430478     
  -9.58114036261639     
  0.429134442374824     
  0.910077414292982     
   3.93559722770199     
   34.5491882971654     
   8.00780879780215     
  0.279909643098097     
 -0.634074533239787     
 -0.711991113020805     
   34.2850031654813     
  0.462312477209633     
  0.462312477237909     
 -0.115756730667543     
  -17.5195581124565     
 -0.822314827224895     
 -0.808525850620522     
  -10.6728733539180     
  -1.09495677599774     
  -1.37604526782846     
  0.703487408932770     
  0.897297798532777     
   4.14174690902866     
   41.0690115520588     
   4.14174690913033     
  0.290972220026275     
  -2.36267681645672     
  -17.5195581125009     
 -0.315319371157508     
 -0.365540189488480     
 -7.533149635465508E-002
  0.505838007289902     
 -0.115756730670185     
  0.308741395980755     
   4.77944070831839     
   3.46663456581949     
 -0.877400105738004     
 -0.822314827257316     
   14.4339712987439     
   28.8813121523035     
   14.4339712989651     
 -0.849697943869486     
  -2.21813762202917     
  -10.6728733538668     
   1.87315951043994     
  -2.96086988873105     
 -0.486987061234651     
  -2.96086988878163     
  -4.36869700822885     
   1.56051567829259     
   2.11762651438021     
 -0.808525850618438     
  0.308741395982468     
   3.99258804637569     
   6.39454429660140     
   6.39454429659440     
   33.0730204711208     
  0.475042481605592     
 -9.713544396744267E-003
  -2.41701431737011     
  -1.96827972887700     
  -1.96315632907619     
  -1.46723499439156     
  -18.9085796482435     
 -0.249675791437784     
   1.04271305794506     
   2.06725079234227     
 -0.864596346015038     
 -0.268113867527214     
  -4.19138714973145     
 -0.749814015034582     
   1.17685576889295     
  -3.20144379020051     
  -3.43950706423753     
  -8.37089535307538     
 -2.265286521232573E-002
   1.83863049003100     
  0.543583407822247     
  -1.79754664165380     
   1.01946105282664     
 -0.959580650451207     
  0.741294297167372     
  0.722202439377966     
  0.265700160379379     
  -1.96827972890169     
  -2.41701431735685     
  0.720844346683578     
 -0.168463487334684     
 -9.713544393869344E-003
  0.475042481605562     
 -0.115600302354147     
 -5.587317139517528E-002
  -1.96315632906756     
  -18.9085796483032     
  -1.46723499441324     
 -0.115600302351137     
  0.720844346674233     
   12.0761080921267     
 -0.188297658958660     
   1.68816115372703     
   4.37264496541038     
  0.229239896022407     
   1.04271305794284     
 -0.249675791439733     
 -0.546523607344253     
 -0.546523607355388     
  0.441611472679797     
   1.11303798267476     
   3.69442522977724     
  -1.01712349954007     
   1.20037909116319     
 -0.749814015057314     
  -4.19138714970564     
   1.68816115374011     
  0.192428379391537     
   1.17685576887609     
 -0.864596346017055     
   2.06725079233682     
 -0.188297658957564     
  0.936140382312183     
 -0.268113867526786     
  -3.20144379021069     
  -8.37089535296606     
  -3.43950706432282     
 -5.587317139693998E-002
 -0.168463487339166     
   4.37264496532988     
  0.936140382311434     
  0.192428379386827     
  7.796907726970037E-002
  -1.20788773268482     
   1.83863049003178     
 -2.265286521027349E-002
  0.543583407853366     
  0.441611472681423     
  -2.11757159865741     
   1.01946105282294     
  -1.79754664164803     
   3.69442522978789     
   1.11303798264987     
  -2.11757159865845     
  -1.01712349952753     
   1.20037909116381     
   1.72897545188012     
  -3.38581894259627     
   1.72897545191864     
  -1.00527128137802     
   1.78516628828539     
  -1.09495677599018     
  -1.37604526783632     
 -0.315319371159746     
   1.87315951043791     
  -1.29240031411944     
   1.64777754153738     
  0.703487408929418     
   1.64777754153448     
  -1.29240031413571     
  -1.02587325553725     
  0.897297798536380     
  -1.44583479633239     
  8.994711019451640E-002
  0.741294297162796     
 -0.959580650443008     
  0.229239896023211     
  -1.20788773268448     
  0.722202439371657     
  0.265700160376635     
  -9.58114036371310     
  -82.4336310061100     
  -24.1743897418462     
  -2.96090297251241     
  0.863976819477352     
   8.00780879762173     
   3.93559722778875     
   34.5491882971067     
  0.505838007291975     
 -0.877400105683290     
   2.11762651438682     
   5.86522498360429     
   5.86522498318191     
  -2.36267681648145     
  -2.21813762206418     
   1.78516628830103     
  -1.00527128138301     
  -1.02587325554544     
  0.462312477565397     
  0.462312477703697     
   34.2850031653275     
   1.54195468539353     
  -1.18656924368447     
  -1.18656924372024     
  -1.02069419435895     
 -0.822314827380752     
  0.910077414286694     
  0.429134442373229     
 -0.511380017644373     
 -0.115756730661315     
 -0.808525850623364     
   34.5491882971291     
   8.00780879727384     
   3.93559722729662     
 -0.511380017645778     
  -14.5110670598873     
  -1.18656924354436     
  0.624326836509380     
  -17.5195581124507     
  0.279909643095678     
 -0.634074533083512     
  -10.6728733538057     
 -0.711991113012849     
 -0.922586876669445     
  0.174831071349777     
  -13.2008934331545     
 -0.399818616731912     
  0.354087471758547     
  0.908634522929749     
 -0.977555148362494     
   1.11634856712304     
 -0.410511575939545     
  0.626142844645613     
  0.493216332665615     
  6.612038602824498E-002
   8.35376817043220     
  0.584995951833946     
 -0.409359915001533     
 -0.994633498725334     
  0.452556543017897     
   2.29299245225140     
  -1.20972150790747     
  -1.37604526782255     
  -1.09495677599699     
  0.624326836506710     
  0.897297798530441     
  0.703487408932058     
 -0.420056697452402     
   3.46663456622330     
   4.77944070794033     
 -0.634074533264847     
 -0.822314827431673     
 -0.877400105566694     
 -1.908796412002733E-002
  -82.4336310061690     
  -9.58114036381157     
  -24.1743897418687     
  0.910077414298708     
  0.429134442367179     
  0.462312477596810     
   34.2850031653737     
  0.462312477773462     
 -0.115756730668512     
 -0.822314827381510     
 -0.808525850625757     
   34.5491882972425     
   3.93559722733046     
   8.00780879726893     
  0.279909643100011     
  -17.5195581124504     
 -0.634074533094490     
 -0.711991113014300     
  -10.6728733539160     
  -1.37604526784016     
  -1.09495677598357     
  0.897297798537218     
  0.703487408927558     
   8.00780879765107     
   34.5491882971623     
   3.93559722788374     
 -0.511380017646153     
  -1.18656924368097     
  -14.5110670599450     
  0.624326836512558     
 -0.877400105683414     
  -2.96090297250340     
  0.863976819475961     
   1.54195468538931     
 -0.511380017645614     
  0.505838007289861     
   2.11762651437943     
   5.86522498365184     
   5.86522498317757     
  -1.18656924374943     
  -1.18656924353597     
  -2.36267681650862     
  -2.21813762212962     
 -0.922586876664800     
  -13.2008934331876     
  0.174831071291987     
  6.612038602987005E-002
  0.493216332659290     
   8.35376817041869     
  0.452556543017380     
 -0.994633498736958     
   2.29299245232287     
 -0.420056697454371     
  0.354087471751570     
 -0.399818616730426     
  0.908634522943886     
  0.584995951838739     
  -1.20972150789962     
   1.11634856711403     
 -0.977555148359154     
 -0.410511575900246     
 -0.409359914995536     
   1.78516628828453     
  -1.00527128139307     
  -1.02069419435095     
  0.624326836512801     
  -1.02587325553773     
  0.626142844641285     
   41.0690115522189     
   4.14174690869710     
   4.14174690864406     
  0.290972220024626     
  -17.5195581125158     
  -2.36267681633932     
 -0.315319371157191     
  -17.5195581125172     
  0.290972220025928     
  -2.36267681631097     
   7.94323252745611     
 -0.315319371157094     
   3.46663456630565     
   4.77944070789521     
 -0.822314827476672     
 -0.877400105538175     
 -0.634074533325934     
 -1.908796408496216E-002
   28.8813121520793     
   14.4339712983179     
   14.4339712982755     
 -0.849697943867016     
  -10.6728733537528     
  -2.21813762186996     
   1.87315951042913     
  -10.6728733537629     
 -0.849697943870201     
  -2.21813762183614     
   1.83301962156532     
   1.87315951044294     
  -2.96086988860416     
  -2.96086988856496     
  -1.47435026080566     
  -1.47435026077708     
   5.60165407912338     
  0.429134442386255     
  0.910077414293544     
  0.863976819487864     
  -2.96090297250302     
  0.290972220023381     
 -0.849697943878881     
  0.910077414307717     
  0.429134442372893     
 -0.511380017650179     
  0.863976819478906     
  -2.96090297250681     
 -0.511380017645796     
   1.54195468539039     
  0.290972220025508     
 -0.849697943872453     
 -0.298587103465245     
 -0.298587103458929     
 -8.047901586820820E-002
  0.433284418037219     
 -8.047901586936092E-002
  0.433284418034868     
 -7.533149634587677E-002
 -0.365540189495623     
  0.279909643094481     
 -0.115756730673473     
  0.505838007294448     
 -4.403261553602969E-002
 -7.533149635492631E-002
 -0.365540189482372     
 -0.115756730668364     
  0.505838007287848     
  0.279909643097009     
 -4.403261553754750E-002
 -0.486987061233385     
   1.56051567831560     
  -4.36869700822835     
 -0.711991113025917     
 -0.808525850629137     
   2.11762651438146     
  0.350000577120358     
  0.308741395975752     
   1.56051567830314     
  -4.36869700823962     
 -0.808525850624168     
   2.11762651438426     
 -0.711991113019678     
  0.350000577117970     
  0.308741395986630     
   3.99258804638936     
   6.39454429667000     
   33.0730204712641     
   6.39454429622011     
  0.475042481607904     
 -9.713544396260709E-003
  -1.46723499435068     
  -1.96315632908937     
  -18.9085796482797     
 -0.249675791441007     
  -2.41701431736687     
  -1.96827972872931     
   1.04271305793523     
   2.06725079234030     
 -0.864596346014866     
 -0.268113867526438     
  -3.43950706418092     
  -3.20144379022009     
  -8.37089535306319     
 -2.265286521186172E-002
  0.543583407813082     
   1.83863049001845     
  -1.79754664165412     
  -4.19138714975643     
 -0.749814014925409     
   1.17685576889449     
   1.01946105284421     
 -0.959580650450411     
  0.741294297166275     
  0.722202439379674     
  0.265700160376720     
  0.174831071401955     
 -0.922586876694596     
  -13.2008934332158     
 -0.399818616732308     
  0.908634522922482     
  0.354087471758624     
 -0.977555148360996     
 -0.410511575957320     
   1.11634856713115     
  0.626142844645626     
 -1.908796413394148E-002
 -0.298587103455883     
 -0.298587103460606     
 -8.047901587027990E-002
  0.433284418033507     
 -4.403261554072316E-002
  0.350000577116815     
  -13.2008934332239     
 -0.922586876509052     
  0.174831071575348     
  6.612038602991602E-002
   8.35376817042735     
  0.493216332597611     
  0.452556543016839     
   2.29299245230738     
 -0.994633498782679     
 -0.420056697453916     
   7.94323252745487     
 -4.403261553593088E-002
 -1.908796420433390E-002
   1.83301962159960     
  0.350000577114205     
  0.669516690206339     
  0.669516690213907     
   9.47006210014620     
  0.187901264764986     
 -0.659138625970086     
 -8.385754803629131E-003
  0.187901264764234     
 -8.385754803651002E-003
 -0.659138625969952     
 -0.393169328529161     
 -0.444920977029615     
 -3.662479801076507E-003
  -6.28148608996025     
  0.659094916191939     
 -0.493917400790915     
  8.753822540666967E-002
  -2.25193081467593     
 -0.409944859085630     
 -0.409944859077880     
  0.132500440500443     
  0.140558287676423     
 -0.395739991862335     
 -0.395739991857657     
  0.765258313013937     
  0.543416890551944     
  0.543416890545985     
 -0.306598953914536     
  0.533196058465502     
  8.620900508777549E-003
  -1.44817737093342     
 -0.385772660482794     
 -0.757162015773066     
  0.941954163925387     
 -0.457627058342696     
   3.47766341099620     
  0.660610935719385     
  0.864854050472493     
  0.864854050473486     
  0.114419458146829     
  -1.08757559283203     
 -0.519738658281993     
 -0.519738658282326     
 -9.407861329316150E-002
  0.681442734338339     
  -1.96827972889794     
  -2.41701431724213     
  0.720844346679119     
 -0.168463487352503     
  0.493216332667463     
  0.354087471706649     
 -0.444920977030530     
  0.533196058473712     
  -18.9085796484216     
  -1.96315632894168     
  -1.46723499418086     
 -0.115600302351084     
   12.0761080921868     
  0.720844346629632     
 -0.188297658955719     
   4.37264496540260     
   1.68816115368785     
  0.229239896020769     
   8.35376817047919     
 -8.047901586929604E-002
  0.908634522849181     
  -6.28148608997991     
  -1.44817737093015     
  0.114419458147020     
   1.04271305789607     
 -9.713544399759078E-003
  0.475042481608981     
 -0.115600302351164     
 -5.587317139460590E-002
  6.612038603140792E-002
 -0.399818616732895     
 -3.662479802436516E-003
  8.620900507799525E-003
 -0.249675791441106     
 -0.546523607352536     
 -0.546523607398371     
  0.441611472690841     
  0.584995951836348     
  0.584995951854392     
 -0.385772660486852     
   1.11303798265077     
   3.69442522973867     
  -1.01712349952919     
   1.20037909117499     
 -0.409359914992430     
  -1.20972150788445     
  0.659094916189099     
 -0.757162015780528     
 -0.749814015063653     
  -4.19138714957239     
   1.68816115373650     
  0.192428379403434     
 -0.994633498726225     
   1.11634856705496     
 -0.493917400788368     
  0.941954163920030     
   1.17685576884068     
  -8.37089535294263     
  -3.20144379000925     
  -3.43950706398175     
 -5.587317139720416E-002
   4.37264496529590     
 -0.168463487418429     
  0.936140382307077     
  7.796907725987001E-002
  0.192428379324838     
  -1.20788773268063     
   2.29299245226589     
  0.433284418034327     
 -0.410511576044491     
  -2.25193081466199     
   3.47766341098690     
  -1.08757559283489     
   1.83863048997335     
  0.543583407741083     
 -2.265286521229626E-002
  0.441611472698661     
  -2.11757159863581     
   1.01946105272721     
 -0.864596346021132     
   2.06725079233567     
 -0.188297658956238     
  0.936140382316798     
  0.452556543019654     
 -0.977555148359673     
  8.753822540624825E-002
 -0.457627058344937     
 -0.268113867523309     
  -1.79754664165420     
   3.69442522976693     
   1.11303798258321     
  -2.11757159864866     
  -1.20972150789712     
 -0.409359914964694     
  0.660610935715530     
  -1.01712349951415     
   1.20037909121637     
   33.0730204712056     
   6.39454429673429     
   6.39454429620294     
 -0.298587103460437     
 -0.298587103457244     
  0.174831071384991     
  -13.2008934332052     
 -0.922586876734991     
 -4.403261553806159E-002
 -1.908796413020653E-002
  0.350000577118311     
  -13.2008934332411     
  0.174831071546987     
 -0.922586876492641     
 -4.403261553859789E-002
   7.94323252743804     
 -1.908796419429720E-002
  0.350000577115599     
   1.83301962164134     
  0.864854050476873     
  0.864854050469250     
 -0.519738658283676     
 -0.519738658281107     
  -1.46723499436039     
  -18.9085796483069     
  -1.96315632911833     
 -8.047901586929690E-002
  0.908634522919202     
   8.35376817045400     
  0.114419458146009     
  0.475042481604208     
 -9.713544397723040E-003
 -0.399818616730296     
  6.612038603104442E-002
 -0.249675791439152     
  -2.41701431739027     
  -1.96827972873772     
  0.354087471774255     
  0.493216332597663     
   1.04271305796589     
  0.669516690201768     
   9.47006210018220     
  0.669516690229501     
 -3.662479802301312E-003
 -0.444920977027230     
  -6.28148608996289     
  8.753822540710481E-002
 -0.493917400783955     
  -2.25193081471835     
 -9.407861329298514E-002
 -0.659138625963327     
  0.187901264764469     
 -8.385754820096292E-003
  0.659094916188136     
  -3.43950706420418     
  -8.37089535301945     
  -3.20144379030397     
  0.433284418033691     
 -0.410511575953100     
   2.29299245230455     
  -1.08757559283406     
  0.543583407817707     
 -2.265286520946097E-002
   1.83863049004665     
 -8.385754803117595E-003
   2.06725079233538     
 -0.864596346011888     
 -0.977555148358834     
  0.452556543014946     
 -0.268113867525534     
  0.187901264764009     
  -1.79754664164759     
  -4.19138714978576     
 -0.749814014897925     
   1.11634856714701     
 -0.994633498798431     
   1.17685576889730     
 -0.659138625971297     
   1.01946105288799     
 -0.409944859080504     
  0.132500440467627     
 -0.409944859027872     
  8.620900508607657E-003
  0.533196058465149     
  -1.44817737090397     
 -0.457627058343036     
  0.941954163928167     
   3.47766341098294     
  0.681442734338896     
 -0.395739991861088     
  0.140558287674897     
 -0.395739991874274     
 -0.385772660483083     
  0.660610935716823     
  0.543416890552242     
  0.765258313010315     
  0.543416890521290     
 -0.757162015771384     
 -0.959580650440372     
  0.741294297169196     
  0.626142844640383     
 -0.420056697454910     
  0.722202439369765     
 -0.393169328524813     
  0.265700160377170     
 -0.306598953913396     
  -18.9085796484067     
  -1.46723499421643     
  -1.96315632889717     
 -8.047901586843983E-002
   8.35376817047726     
  0.908634522867974     
  0.114419458145852     
   12.0761080921865     
 -0.115600302349837     
  0.720844346611782     
  -6.28148608999075     
   4.37264496539223     
 -0.188297658960061     
   1.68816115366651     
  -1.44817737091737     
  0.229239896020847     
  -1.96827972895301     
  -2.41701431721361     
  0.493216332695652     
  0.354087471688952     
  0.720844346699239     
 -0.444920977040406     
 -0.168463487296393     
  0.533196058442206     
   1.04271305786925     
 -9.713544399520602E-003
  0.475042481602848     
  6.612038603125106E-002
 -0.399818616730058     
 -0.115600302351514     
 -3.662479802004723E-003
 -5.587317139176118E-002
  8.620900506197876E-003
 -0.249675791437247     
   9.47006210024344     
  0.669516690150791     
  0.669516690123348     
 -3.662479802437807E-003
  -6.28148608999922     
 -0.444920977009725     
  8.753822540562209E-002
  -2.25193081471688     
 -0.493917400767854     
 -9.407861329204939E-002
  -6.28148608999485     
 -3.662479803091603E-003
 -0.444920976997968     
   4.89286753698450     
   1.80423374535707     
  -2.25193081471696     
  8.753822540817623E-002
 -0.493917400755431     
   1.80423374534958     
 -0.384225428061411     
 -9.407861329258441E-002
 -0.659138625947000     
 -8.385754769188680E-003
  0.187901264763058     
  0.659094916182977     
 -0.546523607329029     
 -0.546523607409350     
  0.584995951823581     
  0.584995951863272     
  0.441611472668904     
 -0.385772660474899     
   1.11303798268764     
   3.69442522971592     
 -0.409359915009851     
  -1.20972150787350     
  -1.01712349953517     
  0.659094916190594     
   1.20037909114071     
 -0.757162015761133     
  -8.37089535287619     
  -3.43950706401156     
  -3.20144378997456     
  0.433284418032364     
   2.29299245223099     
 -0.410511576024402     
  -1.08757559282936     
   4.37264496530758     
 -5.587317139546955E-002
 -0.168463487434836     
  -2.25193081467099     
  7.796907720310209E-002
  0.936140382307880     
  0.192428379301350     
   3.47766341102048     
  -1.20788773268466     
  0.543583407766639     
   1.83863048995383     
 -2.265286521196086E-002
 -8.385754786137400E-003
  0.441611472712491     
  -2.11757159862413     
 -0.749814015090073     
  -4.19138714954725     
 -0.994633498710635     
   1.11634856704065     
   1.68816115375223     
 -0.493917400796672     
  0.192428379432565     
  0.941954163903308     
   1.17685576881593     
 -0.659138625933434     
   1.01946105270405     
 -0.864596346015505     
   2.06725079234315     
  0.452556543017176     
 -0.977555148361838     
 -0.188297658956746     
  8.753822540632947E-002
  0.936140382310275     
 -0.457627058342255     
 -0.268113867528896     
  0.187901264764974     
  -1.79754664165539     
  0.132500440430017     
 -0.409944859169923     
 -0.409944859191654     
  8.620900508993390E-003
  -1.44817737087404     
  0.533196058502537     
 -0.457627058340552     
   3.47766341099666     
  0.941954163954192     
  0.681442734336940     
  -1.44817737089773     
  8.620900507449097E-003
  0.533196058511561     
   1.80423374532396     
 -0.384225428061063     
   3.47766341101352     
 -0.457627058340554     
  0.941954163968322     
 -0.384225428084866     
  -6.64227167212994     
  0.681442734338643     
 -0.395739991838211     
 -0.395739991824645     
  0.140558287676706     
 -0.385772660489491     
  0.660610935709190     
 -0.385772660498835     
  0.660610935702260     
  0.543416890597234     
  0.543416890609136     
  0.765258313014013     
 -0.757162015798892     
   3.69442522977467     
   1.11303798257269     
  -1.20972150790333     
 -0.409359914959776     
  -2.11757159866075     
  0.660610935722278     
  -1.01712349949728     
  0.659094916173755     
   1.20037909122842     
 -0.757162015802685     
   1.72897545199125     
   1.72897545197522     
  -3.38581894262655     
  -1.09495677602905     
  -1.37604526786195     
  -1.00527128142168     
   1.78516628829970     
 -0.315319371143706     
   1.87315951045363     
  -1.37604526787204     
  -1.09495677602156     
  0.624326836525619     
  -1.00527128141960     
   1.78516628830083     
  0.624326836523942     
  -1.02069419435830     
 -0.315319371144611     
   1.87315951045345     
  0.864854050489625     
  0.864854050484607     
  0.114419458139351     
  -1.08757559283829     
  0.114419458140773     
  -1.08757559283855     
  -1.29240031416889     
   1.64777754155175     
  0.703487408946414     
  0.897297798552132     
  -1.02587325554649     
 -0.519738658289515     
  -1.29240031416534     
   1.64777754154334     
  0.897297798550243     
  -1.02587325554170     
  0.703487408945308     
 -0.519738658288694     
  -1.44583479634330     
  8.994711019845059E-002
  0.741294297182381     
 -0.959580650450000     
  0.229239896015723     
  -1.20788773269045     
 -0.420056697460697     
  0.626142844645283     
 -9.407861328970396E-002
  0.681442734340748     
  0.722202439375828     
  0.265700160376268     
  0.741294297182872     
 -0.959580650445956     
 -0.420056697461058     
  0.626142844643214     
  0.229239896015533     
 -9.407861328983227E-002
  -1.20788773269175     
  0.681442734341632     
  0.722202439375987     
 -0.393169328527166     
  0.265700160377046     
 -0.306598953914127     
   20.9087881817886     
   20.9087881823799     
   20.9087881820133     
   20.9087881808256     
   20.9087881824220     
   20.9087881809692     
  -7.61340139040918     
  -5.69511928609009     
   9.56488820688194     
 -0.735117027380394     
  -7.61340139019898     
  -5.69511928543769     
  -1.19310895594129     
  -5.48426607194616     
   9.56488820694149     
 -0.735117027529431     
  -1.19310895595404     
  -5.48426607197446     
  -5.69511928603780     
  -7.61340139049269     
  -3.77746478533058     
 -0.735117027375392     
   9.56488820687473     
 -0.354866437306763     
  -7.61340139029330     
  -5.69511928539731     
 -0.354866437303518     
   1.73162555811828     
  -1.19310895593343     
  -5.48426607194539     
   9.56488820695382     
 -0.735117027532191     
  -3.77746478533992     
   1.73162555812294     
  -1.19310895595051     
  -5.48426607201390     
   1.34223996201655     
   1.34223996207239     
  0.682959633163369     
   1.56681901260808     
  0.682959633162120     
   1.56681901263049     
  5.690866938345412E-002
  5.690866937672218E-002
 -0.124490134175306     
  6.919943490488351E-002
 -0.124490134170459     
  6.919943490920771E-002
  -5.69511928581441     
  -7.61340138979856     
  -3.77746478530944     
   1.73162555805161     
 -0.354866437227285     
  0.327932643824881     
 -0.735117027337606     
   9.56488820670672     
 -0.354866437321620     
   1.73162555804115     
  -3.77746478523218     
 -0.483914812041105     
  -5.69511928589869     
  -7.61340138981482     
   1.73162555805612     
 -0.354866437242434     
  -3.77746478530670     
  0.327932643828035     
  -1.19310895587904     
  -5.48426607184039     
 -0.735117027309087     
   9.56488820669350     
   1.73162555802344     
  -3.77746478522416     
 -0.354866437343834     
 -0.483914812028475     
  -1.19310895586118     
  -5.48426607182656     
   1.34223996193065     
   1.34223996173718     
  0.682959633159821     
   1.56681901259659     
 -0.483914812046409     
 -0.483914812084429     
  2.608690395488532E-002
 -0.354723444204941     
  0.682959633120682     
   1.56681901254089     
  5.690866939291511E-002
  5.690866935725936E-002
 -0.124490134177644     
  6.919943489694064E-002
  0.327932643821879     
  0.327932643836549     
  2.608690395558572E-002
 -0.354723444201970     
 -0.124490134166135     
  6.919943492426200E-002
   1.34223996197117     
   1.34223996176005     
 -0.483914812048742     
 -0.483914812074683     
  0.682959633155345     
  2.608690395312696E-002
   1.56681901259813     
 -0.354723444207462     
  0.682959633130300     
  2.608690395076169E-002
   1.56681901254825     
 -0.354723444213920     
  5.690866939716882E-002
  5.690866934956862E-002
  0.327932643819510     
  0.327932643841103     
 -0.124490134177856     
  2.608690395603813E-002
  6.919943488965979E-002
 -0.354723444198151     
 -0.124490134161031     
  2.608690394796381E-002
  6.919943493159728E-002
 -0.354723444218226     
